-2.356194 -2.376600 -2.397837 -2.419938 -2.442933 -2.466852 -2.491722 -2.517570 -2.544416 -2.572279 -2.601173 -2.631104 -2.662073 -2.694073 -2.727086 -2.761086 -2.796037 -2.831890 -2.868584 -2.906048 -2.944197 -2.982937 -3.022164 -3.061763 -3.101614 3.141593 3.101614 3.061763 3.022164 2.982937 2.944197 2.906048 2.868584 2.831890 2.796037 2.761086 2.727086 2.694073 2.662073 2.631104 2.601173 2.572279 2.544416 2.517570 2.491722 2.466852 2.442933 2.419938 2.397837 2.376600 
-2.335789 -2.356194 -2.377468 -2.399645 -2.422763 -2.446854 -2.471954 -2.498092 -2.525296 -2.553590 -2.582993 -2.613518 -2.645170 -2.677945 -2.711830 -2.746802 -2.782822 -2.819842 -2.857799 -2.896614 -2.936197 -2.976444 -3.017238 -3.058451 -3.099950 3.141593 3.099950 3.058451 3.017238 2.976444 2.936197 2.896614 2.857799 2.819842 2.782822 2.746802 2.711830 2.677945 2.645170 2.613518 2.582993 2.553590 2.525296 2.498092 2.471954 2.446854 2.422763 2.399645 2.377468 2.356194 
-2.314552 -2.334921 -2.356194 -2.378413 -2.401618 -2.425849 -2.451146 -2.477546 -2.505084 -2.533791 -2.563691 -2.594804 -2.627141 -2.660705 -2.695487 -2.731465 -2.768605 -2.806856 -2.846152 -2.886410 -2.927532 -2.969402 -3.011890 -3.054854 -3.098142 3.141593 3.098142 3.054854 3.011890 2.969402 2.927532 2.886410 2.846152 2.806856 2.768605 2.731465 2.695487 2.660705 2.627141 2.594804 2.563691 2.533791 2.505084 2.477546 2.451146 2.425849 2.401618 2.378413 2.356194 2.334921 
-2.292451 -2.312744 -2.333976 -2.356194 -2.379446 -2.403778 -2.429235 -2.455863 -2.483704 -2.512796 -2.543174 -2.574863 -2.607884 -2.642246 -2.677945 -2.714965 -2.753274 -2.792822 -2.833540 -2.875341 -2.918116 -2.961739 -3.006065 -3.050933 -3.096169 3.141593 3.096169 3.050933 3.006065 2.961739 2.918116 2.875341 2.833540 2.792822 2.753274 2.714965 2.677945 2.642246 2.607884 2.574863 2.543174 2.512796 2.483704 2.455863 2.429235 2.403778 2.379446 2.356194 2.333976 2.312744 
-2.269456 -2.289626 -2.310771 -2.332943 -2.356194 -2.380580 -2.406153 -2.432966 -2.461071 -2.490516 -2.521343 -2.553590 -2.587285 -2.622447 -2.659079 -2.697173 -2.736701 -2.777614 -2.819842 -2.863293 -2.907849 -2.953371 -2.999696 -3.046641 -3.094010 3.141593 3.094010 3.046641 2.999696 2.953371 2.907849 2.863293 2.819842 2.777614 2.736701 2.697173 2.659079 2.622447 2.587285 2.553590 2.521343 2.490516 2.461071 2.432966 2.406153 2.380580 2.356194 2.332943 2.310771 2.289626 
-2.245537 -2.265535 -2.286540 -2.308611 -2.331809 -2.356194 -2.381830 -2.408778 -2.437099 -2.466852 -2.498092 -2.530867 -2.565217 -2.601173 -2.638749 -2.677945 -2.718739 -2.761086 -2.804918 -2.850136 -2.896614 -2.944197 -2.992703 -3.041924 -3.091634 3.141593 3.091634 3.041924 2.992703 2.944197 2.896614 2.850136 2.804918 2.761086 2.718739 2.677945 2.638749 2.601173 2.565217 2.530867 2.498092 2.466852 2.437099 2.408778 2.381830 2.356194 2.331809 2.308611 2.286540 2.265535 
-2.220667 -2.240435 -2.261243 -2.283154 -2.306236 -2.330559 -2.356194 -2.383215 -2.411693 -2.441700 -2.473303 -2.506566 -2.541542 -2.578276 -2.616797 -2.657115 -2.699218 -2.743070 -2.788602 -2.835714 -2.884269 -2.934096 -2.984991 -3.036716 -3.089010 3.141593 3.089010 3.036716 2.984991 2.934096 2.884269 2.835714 2.788602 2.743070 2.699218 2.657115 2.616797 2.578276 2.541542 2.506566 2.473303 2.441700 2.411693 2.383215 2.356194 2.330559 2.306236 2.283154 2.261243 2.240435 
-2.194819 -2.214297 -2.234842 -2.256526 -2.279423 -2.303611 -2.329174 -2.356194 -2.384758 -2.414950 -2.446854 -2.480549 -2.516108 -2.553590 -2.593043 -2.634494 -2.677945 -2.723368 -2.770701 -2.819842 -2.870646 -2.922924 -2.976444 -3.030935 -3.086094 3.141593 3.086094 3.030935 2.976444 2.922924 2.870646 2.819842 2.770701 2.723368 2.677945 2.634494 2.593043 2.553590 2.516108 2.480549 2.446854 2.414950 2.384758 2.356194 2.329174 2.303611 2.279423 2.256526 2.234842 2.214297 
-2.167973 -2.187093 -2.207305 -2.228685 -2.251318 -2.275290 -2.300696 -2.327631 -2.356194 -2.386488 -2.418613 -2.452668 -2.488746 -2.526930 -2.567288 -2.609869 -2.654693 -2.701750 -2.750986 -2.802300 -2.855541 -2.910502 -2.966920 -3.024484 -3.082837 3.141593 3.082837 3.024484 2.966920 2.910502 2.855541 2.802300 2.750986 2.701750 2.654693 2.609869 2.567288 2.526930 2.488746 2.452668 2.418613 2.386488 2.356194 2.327631 2.300696 2.275290 2.251318 2.228685 2.207305 2.187093 
-2.140110 -2.158799 -2.178598 -2.199593 -2.221873 -2.245537 -2.270689 -2.297439 -2.325901 -2.356194 -2.388441 -2.422763 -2.459276 -2.498092 -2.539305 -2.582993 -2.629203 -2.677945 -2.729182 -2.782822 -2.838708 -2.896614 -2.956245 -3.017238 -3.079174 3.141593 3.079174 3.017238 2.956245 2.896614 2.838708 2.782822 2.729182 2.677945 2.629203 2.582993 2.539305 2.498092 2.459276 2.422763 2.388441 2.356194 2.325901 2.297439 2.270689 2.245537 2.221873 2.199593 2.178598 2.158799 
-2.111216 -2.129396 -2.148698 -2.169215 -2.191046 -2.214297 -2.239086 -2.265535 -2.293776 -2.323948 -2.356194 -2.390664 -2.427502 -2.466852 -2.508844 -2.553590 -2.601173 -2.651635 -2.704965 -2.761086 -2.819842 -2.880990 -2.944197 -3.009041 -3.075024 3.141593 3.075024 3.009041 2.944197 2.880990 2.819842 2.761086 2.704965 2.651635 2.601173 2.553590 2.508844 2.466852 2.427502 2.390664 2.356194 2.323948 2.293776 2.265535 2.239086 2.214297 2.191046 2.169215 2.148698 2.129396 
-2.081285 -2.098871 -2.117585 -2.137526 -2.158799 -2.181522 -2.205823 -2.231839 -2.259721 -2.289626 -2.321725 -2.356194 -2.393215 -2.432966 -2.475623 -2.521343 -2.570255 -2.622447 -2.677945 -2.736701 -2.798569 -2.863293 -2.930499 -2.999696 -3.070285 3.141593 3.070285 2.999696 2.930499 2.863293 2.798569 2.736701 2.677945 2.622447 2.570255 2.521343 2.475623 2.432966 2.393215 2.356194 2.321725 2.289626 2.259721 2.231839 2.205823 2.181522 2.158799 2.137526 2.117585 2.098871 
-2.050316 -2.067219 -2.085248 -2.104505 -2.125104 -2.147172 -2.170847 -2.196281 -2.223643 -2.253113 -2.284887 -2.319174 -2.356194 -2.396173 -2.439336 -2.485897 -2.536048 -2.589938 -2.647651 -2.709185 -2.774419 -2.843094 -2.914794 -2.988943 -3.064821 3.141593 3.064821 2.988943 2.914794 2.843094 2.774419 2.709185 2.647651 2.589938 2.536048 2.485897 2.439336 2.396173 2.356194 2.319174 2.284887 2.253113 2.223643 2.196281 2.170847 2.147172 2.125104 2.104505 2.085248 2.067219 
-2.018316 -2.034444 -2.051684 -2.070143 -2.089942 -2.111216 -2.134113 -2.158799 -2.185459 -2.214297 -2.245537 -2.279423 -2.316216 -2.356194 -2.399645 -2.446854 -2.498092 -2.553590 -2.613518 -2.677945 -2.746802 -2.819842 -2.896614 -2.976444 -3.058451 3.141593 3.058451 2.976444 2.896614 2.819842 2.746802 2.677945 2.613518 2.553590 2.498092 2.446854 2.399645 2.356194 2.316216 2.279423 2.245537 2.214297 2.185459 2.158799 2.134113 2.111216 2.089942 2.070143 2.051684 2.034444 
-1.985303 -2.000559 -2.016902 -2.034444 -2.053310 -2.073640 -2.095592 -2.119346 -2.145101 -2.173084 -2.203545 -2.236766 -2.273053 -2.312744 -2.356194 -2.403778 -2.455863 -2.512796 -2.574863 -2.642246 -2.714965 -2.792822 -2.875341 -2.961739 -3.050933 3.141593 3.050933 2.961739 2.875341 2.792822 2.714965 2.642246 2.574863 2.512796 2.455863 2.403778 2.356194 2.312744 2.273053 2.236766 2.203545 2.173084 2.145101 2.119346 2.095592 2.073640 2.053310 2.034444 2.016902 2.000559 
-1.951303 -1.965587 -1.980924 -1.997424 -2.015216 -2.034444 -2.055274 -2.077895 -2.102520 -2.129396 -2.158799 -2.191046 -2.226492 -2.265535 -2.308611 -2.356194 -2.408778 -2.466852 -2.530867 -2.601173 -2.677945 -2.761086 -2.850136 -2.944197 -3.041924 3.141593 3.041924 2.944197 2.850136 2.761086 2.677945 2.601173 2.530867 2.466852 2.408778 2.356194 2.308611 2.265535 2.226492 2.191046 2.158799 2.129396 2.102520 2.077895 2.055274 2.034444 2.015216 1.997424 1.980924 1.965587 
-1.916352 -1.929567 -1.943784 -1.959115 -1.975688 -1.993650 -2.013171 -2.034444 -2.057696 -2.083186 -2.111216 -2.142134 -2.176341 -2.214297 -2.256526 -2.303611 -2.356194 -2.414950 -2.480549 -2.553590 -2.634494 -2.723368 -2.819842 -2.922924 -3.030935 3.141593 3.030935 2.922924 2.819842 2.723368 2.634494 2.553590 2.480549 2.414950 2.356194 2.303611 2.256526 2.214297 2.176341 2.142134 2.111216 2.083186 2.057696 2.034444 2.013171 1.993650 1.975688 1.959115 1.943784 1.929567 
-1.880499 -1.892547 -1.905533 -1.919567 -1.934775 -1.951303 -1.969319 -1.989021 -2.010639 -2.034444 -2.060754 -2.089942 -2.122451 -2.158799 -2.199593 -2.245537 -2.297439 -2.356194 -2.422763 -2.498092 -2.582993 -2.677945 -2.782822 -2.896614 -3.017238 3.141593 3.017238 2.896614 2.782822 2.677945 2.582993 2.498092 2.422763 2.356194 2.297439 2.245537 2.199593 2.158799 2.122451 2.089942 2.060754 2.034444 2.010639 1.989021 1.969319 1.951303 1.934775 1.919567 1.905533 1.892547 
-1.843805 -1.854590 -1.866237 -1.878849 -1.892547 -1.907471 -1.923787 -1.941688 -1.961403 -1.983207 -2.007423 -2.034444 -2.064738 -2.098871 -2.137526 -2.181522 -2.231839 -2.289626 -2.356194 -2.432966 -2.521343 -2.622447 -2.736701 -2.863293 -2.999696 3.141593 2.999696 2.863293 2.736701 2.622447 2.521343 2.432966 2.356194 2.289626 2.231839 2.181522 2.137526 2.098871 2.064738 2.034444 2.007423 1.983207 1.961403 1.941688 1.923787 1.907471 1.892547 1.878849 1.866237 1.854590 
-1.806341 -1.815775 -1.825979 -1.837048 -1.849096 -1.862253 -1.876675 -1.892547 -1.910089 -1.929567 -1.951303 -1.975688 -2.003204 -2.034444 -2.070143 -2.111216 -2.158799 -2.214297 -2.279423 -2.356194 -2.446854 -2.553590 -2.677945 -2.819842 -2.976444 3.141593 2.976444 2.819842 2.677945 2.553590 2.446854 2.356194 2.279423 2.214297 2.158799 2.111216 2.070143 2.034444 2.003204 1.975688 1.951303 1.929567 1.910089 1.892547 1.876675 1.862253 1.849096 1.837048 1.825979 1.815775 
-1.768192 -1.776192 -1.784857 -1.794273 -1.804540 -1.815775 -1.828120 -1.841743 -1.856848 -1.873681 -1.892547 -1.913820 -1.937970 -1.965587 -1.997424 -2.034444 -2.077895 -2.129396 -2.191046 -2.265535 -2.356194 -2.466852 -2.601173 -2.761086 -2.944197 3.141593 2.944197 2.761086 2.601173 2.466852 2.356194 2.265535 2.191046 2.129396 2.077895 2.034444 1.997424 1.965587 1.937970 1.913820 1.892547 1.873681 1.856848 1.841743 1.828120 1.815775 1.804540 1.794273 1.784857 1.776192 
-1.729452 -1.735945 -1.742987 -1.750650 -1.759018 -1.768192 -1.778293 -1.789465 -1.801887 -1.815775 -1.831399 -1.849096 -1.869295 -1.892547 -1.919567 -1.951303 -1.989021 -2.034444 -2.089942 -2.158799 -2.245537 -2.356194 -2.498092 -2.677945 -2.896614 3.141593 2.896614 2.677945 2.498092 2.356194 2.245537 2.158799 2.089942 2.034444 1.989021 1.951303 1.919567 1.892547 1.869295 1.849096 1.831399 1.815775 1.801887 1.789465 1.778293 1.768192 1.759018 1.750650 1.742987 1.735945 
-1.690225 -1.695151 -1.700499 -1.706324 -1.712693 -1.719686 -1.727398 -1.735945 -1.745469 -1.756144 -1.768192 -1.781890 -1.797595 -1.815775 -1.837048 -1.862253 -1.892547 -1.929567 -1.975688 -2.034444 -2.111216 -2.214297 -2.356194 -2.553590 -2.819842 3.141593 2.819842 2.553590 2.356194 2.214297 2.111216 2.034444 1.975688 1.929567 1.892547 1.862253 1.837048 1.815775 1.797595 1.781890 1.768192 1.756144 1.745469 1.735945 1.727398 1.719686 1.712693 1.706324 1.700499 1.695151 
-1.650626 -1.653938 -1.657535 -1.661456 -1.665748 -1.670465 -1.675673 -1.681454 -1.687905 -1.695151 -1.703348 -1.712693 -1.723446 -1.735945 -1.750650 -1.768192 -1.789465 -1.815775 -1.849096 -1.892547 -1.951303 -2.034444 -2.158799 -2.356194 -2.677945 3.141593 2.677945 2.356194 2.158799 2.034444 1.951303 1.892547 1.849096 1.815775 1.789465 1.768192 1.750650 1.735945 1.723446 1.712693 1.703348 1.695151 1.687905 1.681454 1.675673 1.670465 1.665748 1.661456 1.657535 1.653938 
-1.610775 -1.612439 -1.614247 -1.616220 -1.618379 -1.620755 -1.623379 -1.626295 -1.629552 -1.633215 -1.637364 -1.642104 -1.647568 -1.653938 -1.661456 -1.670465 -1.681454 -1.695151 -1.712693 -1.735945 -1.768192 -1.815775 -1.892547 -2.034444 -2.356194 3.141593 2.356194 2.034444 1.892547 1.815775 1.768192 1.735945 1.712693 1.695151 1.681454 1.670465 1.661456 1.653938 1.647568 1.642104 1.637364 1.633215 1.629552 1.626295 1.623379 1.620755 1.618379 1.616220 1.614247 1.612439 
-1.570796 -1.570796 -1.570796 -1.570796 -1.570796 -1.570796 -1.570796 -1.570796 -1.570796 -1.570796 -1.570796 -1.570796 -1.570796 -1.570796 -1.570796 -1.570796 -1.570796 -1.570796 -1.570796 -1.570796 -1.570796 -1.570796 -1.570796 -1.570796 -1.570796 0.000000 1.570796 1.570796 1.570796 1.570796 1.570796 1.570796 1.570796 1.570796 1.570796 1.570796 1.570796 1.570796 1.570796 1.570796 1.570796 1.570796 1.570796 1.570796 1.570796 1.570796 1.570796 1.570796 1.570796 1.570796 
-1.530818 -1.529154 -1.527345 -1.525373 -1.523213 -1.520838 -1.518213 -1.515298 -1.512041 -1.508378 -1.504228 -1.499489 -1.494024 -1.487655 -1.480136 -1.471128 -1.460139 -1.446441 -1.428899 -1.405648 -1.373401 -1.325818 -1.249046 -1.107149 -0.785398 0.000000 0.785398 1.107149 1.249046 1.325818 1.373401 1.405648 1.428899 1.446441 1.460139 1.471128 1.480136 1.487655 1.494024 1.499489 1.504228 1.508378 1.512041 1.515298 1.518213 1.520838 1.523213 1.525373 1.527345 1.529154 
-1.490966 -1.487655 -1.484058 -1.480136 -1.475845 -1.471128 -1.465919 -1.460139 -1.453688 -1.446441 -1.438245 -1.428899 -1.418147 -1.405648 -1.390943 -1.373401 -1.352127 -1.325818 -1.292497 -1.249046 -1.190290 -1.107149 -0.982794 -0.785398 -0.463648 0.000000 0.463648 0.785398 0.982794 1.107149 1.190290 1.249046 1.292497 1.325818 1.352127 1.373401 1.390943 1.405648 1.418147 1.428899 1.438245 1.446441 1.453688 1.460139 1.465919 1.471128 1.475845 1.480136 1.484058 1.487655 
-1.451367 -1.446441 -1.441094 -1.435269 -1.428899 -1.421906 -1.414194 -1.405648 -1.396124 -1.385448 -1.373401 -1.359703 -1.343997 -1.325818 -1.304544 -1.279340 -1.249046 -1.212026 -1.165905 -1.107149 -1.030377 -0.927295 -0.785398 -0.588003 -0.321751 0.000000 0.321751 0.588003 0.785398 0.927295 1.030377 1.107149 1.165905 1.212026 1.249046 1.279340 1.304544 1.325818 1.343997 1.359703 1.373401 1.385448 1.396124 1.405648 1.414194 1.421906 1.428899 1.435269 1.441094 1.446441 
-1.412141 -1.405648 -1.398606 -1.390943 -1.382575 -1.373401 -1.363300 -1.352127 -1.339706 -1.325818 -1.310194 -1.292497 -1.272297 -1.249046 -1.222025 -1.190290 -1.152572 -1.107149 -1.051650 -0.982794 -0.896055 -0.785398 -0.643501 -0.463648 -0.244979 0.000000 0.244979 0.463648 0.643501 0.785398 0.896055 0.982794 1.051650 1.107149 1.152572 1.190290 1.222025 1.249046 1.272297 1.292497 1.310194 1.325818 1.339706 1.352127 1.363300 1.373401 1.382575 1.390943 1.398606 1.405648 
-1.373401 -1.365401 -1.356736 -1.347320 -1.337053 -1.325818 -1.313473 -1.299849 -1.284745 -1.267911 -1.249046 -1.227772 -1.203622 -1.176005 -1.144169 -1.107149 -1.063698 -1.012197 -0.950547 -0.876058 -0.785398 -0.674741 -0.540420 -0.380506 -0.197396 0.000000 0.197396 0.380506 0.540420 0.674741 0.785398 0.876058 0.950547 1.012197 1.063698 1.107149 1.144169 1.176005 1.203622 1.227772 1.249046 1.267911 1.284745 1.299849 1.313473 1.325818 1.337053 1.347320 1.356736 1.365401 
-1.335251 -1.325818 -1.315614 -1.304544 -1.292497 -1.279340 -1.264917 -1.249046 -1.231504 -1.212026 -1.190290 -1.165905 -1.138389 -1.107149 -1.071450 -1.030377 -0.982794 -0.927295 -0.862170 -0.785398 -0.694738 -0.588003 -0.463648 -0.321751 -0.165149 0.000000 0.165149 0.321751 0.463648 0.588003 0.694738 0.785398 0.862170 0.927295 0.982794 1.030377 1.071450 1.107149 1.138389 1.165905 1.190290 1.212026 1.231504 1.249046 1.264917 1.279340 1.292497 1.304544 1.315614 1.325818 
-1.297788 -1.287002 -1.275355 -1.262744 -1.249046 -1.234122 -1.217806 -1.199905 -1.180189 -1.158386 -1.134169 -1.107149 -1.076855 -1.042722 -1.004067 -0.960070 -0.909753 -0.851966 -0.785398 -0.708626 -0.620249 -0.519146 -0.404892 -0.278300 -0.141897 0.000000 0.141897 0.278300 0.404892 0.519146 0.620249 0.708626 0.785398 0.851966 0.909753 0.960070 1.004067 1.042722 1.076855 1.107149 1.134169 1.158386 1.180189 1.199905 1.217806 1.234122 1.249046 1.262744 1.275355 1.287002 
-1.261093 -1.249046 -1.236059 -1.222025 -1.206817 -1.190290 -1.172274 -1.152572 -1.130954 -1.107149 -1.080839 -1.051650 -1.019141 -0.982794 -0.942000 -0.896055 -0.844154 -0.785398 -0.718830 -0.643501 -0.558599 -0.463648 -0.358771 -0.244979 -0.124355 0.000000 0.124355 0.244979 0.358771 0.463648 0.558599 0.643501 0.718830 0.785398 0.844154 0.896055 0.942000 0.982794 1.019141 1.051650 1.080839 1.107149 1.130954 1.152572 1.172274 1.190290 1.206817 1.222025 1.236059 1.249046 
-1.225241 -1.212026 -1.197809 -1.182478 -1.165905 -1.147942 -1.128422 -1.107149 -1.083897 -1.058407 -1.030377 -0.999459 -0.965252 -0.927295 -0.885067 -0.837981 -0.785398 -0.726642 -0.661043 -0.588003 -0.507099 -0.418224 -0.321751 -0.218669 -0.110657 0.000000 0.110657 0.218669 0.321751 0.418224 0.507099 0.588003 0.661043 0.726642 0.785398 0.837981 0.885067 0.927295 0.965252 0.999459 1.030377 1.058407 1.083897 1.107149 1.128422 1.147942 1.165905 1.182478 1.197809 1.212026 
-1.190290 -1.176005 -1.160669 -1.144169 -1.126377 -1.107149 -1.086318 -1.063698 -1.039072 -1.012197 -0.982794 -0.950547 -0.915101 -0.876058 -0.832981 -0.785398 -0.732815 -0.674741 -0.610726 -0.540420 -0.463648 -0.380506 -0.291457 -0.197396 -0.099669 0.000000 0.099669 0.197396 0.291457 0.380506 0.463648 0.540420 0.610726 0.674741 0.732815 0.785398 0.832981 0.876058 0.915101 0.950547 0.982794 1.012197 1.039072 1.063698 1.086318 1.107149 1.126377 1.144169 1.160669 1.176005 
-1.156289 -1.141034 -1.124691 -1.107149 -1.088283 -1.067953 -1.046001 -1.022247 -0.996491 -0.968509 -0.938047 -0.904827 -0.868539 -0.828849 -0.785398 -0.737815 -0.685730 -0.628796 -0.566729 -0.499347 -0.426627 -0.348771 -0.266252 -0.179853 -0.090660 0.000000 0.090660 0.179853 0.266252 0.348771 0.426627 0.499347 0.566729 0.628796 0.685730 0.737815 0.785398 0.828849 0.868539 0.904827 0.938047 0.968509 0.996491 1.022247 1.046001 1.067953 1.088283 1.107149 1.124691 1.141034 
-1.123276 -1.107149 -1.089909 -1.071450 -1.051650 -1.030377 -1.007480 -0.982794 -0.956133 -0.927295 -0.896055 -0.862170 -0.825377 -0.785398 -0.741947 -0.694738 -0.643501 -0.588003 -0.528074 -0.463648 -0.394791 -0.321751 -0.244979 -0.165149 -0.083141 0.000000 0.083141 0.165149 0.244979 0.321751 0.394791 0.463648 0.528074 0.588003 0.643501 0.694738 0.741947 0.785398 0.825377 0.862170 0.896055 0.927295 0.956133 0.982794 1.007480 1.030377 1.051650 1.071450 1.089909 1.107149 
-1.091277 -1.074374 -1.056345 -1.037088 -1.016489 -0.994421 -0.970746 -0.945311 -0.917950 -0.888480 -0.856706 -0.822418 -0.785398 -0.745419 -0.702257 -0.655696 -0.605545 -0.551655 -0.493941 -0.432408 -0.367174 -0.298499 -0.226799 -0.152649 -0.076772 0.000000 0.076772 0.152649 0.226799 0.298499 0.367174 0.432408 0.493941 0.551655 0.605545 0.655696 0.702257 0.745419 0.785398 0.822418 0.856706 0.888480 0.917950 0.945311 0.970746 0.994421 1.016489 1.037088 1.056345 1.074374 
-1.060308 -1.042722 -1.024007 -1.004067 -0.982794 -0.960070 -0.935770 -0.909753 -0.881872 -0.851966 -0.819867 -0.785398 -0.748378 -0.708626 -0.665969 -0.620249 -0.571337 -0.519146 -0.463648 -0.404892 -0.343024 -0.278300 -0.211093 -0.141897 -0.071307 0.000000 0.071307 0.141897 0.211093 0.278300 0.343024 0.404892 0.463648 0.519146 0.571337 0.620249 0.665969 0.708626 0.748378 0.785398 0.819867 0.851966 0.881872 0.909753 0.935770 0.960070 0.982794 1.004067 1.024007 1.042722 
-1.030377 -1.012197 -0.992894 -0.972377 -0.950547 -0.927295 -0.902507 -0.876058 -0.847817 -0.817645 -0.785398 -0.750929 -0.714091 -0.674741 -0.632749 -0.588003 -0.540420 -0.489957 -0.436627 -0.380506 -0.321751 -0.260602 -0.197396 -0.132552 -0.066568 0.000000 0.066568 0.132552 0.197396 0.260602 0.321751 0.380506 0.436627 0.489957 0.540420 0.588003 0.632749 0.674741 0.714091 0.750929 0.785398 0.817645 0.847817 0.876058 0.902507 0.927295 0.950547 0.972377 0.992894 1.012197 
-1.001483 -0.982794 -0.962994 -0.942000 -0.919720 -0.896055 -0.870903 -0.844154 -0.815692 -0.785398 -0.753151 -0.718830 -0.682317 -0.643501 -0.602287 -0.558599 -0.512389 -0.463648 -0.412410 -0.358771 -0.302885 -0.244979 -0.185348 -0.124355 -0.062419 0.000000 0.062419 0.124355 0.185348 0.244979 0.302885 0.358771 0.412410 0.463648 0.512389 0.558599 0.602287 0.643501 0.682317 0.718830 0.753151 0.785398 0.815692 0.844154 0.870903 0.896055 0.919720 0.942000 0.962994 0.982794 
-0.973620 -0.954499 -0.934288 -0.912908 -0.890275 -0.866302 -0.840897 -0.813962 -0.785398 -0.755104 -0.722979 -0.688924 -0.652847 -0.614663 -0.574305 -0.531724 -0.486899 -0.439843 -0.390607 -0.339293 -0.286051 -0.231091 -0.174672 -0.117109 -0.058756 0.000000 0.058756 0.117109 0.174672 0.231091 0.286051 0.339293 0.390607 0.439843 0.486899 0.531724 0.574305 0.614663 0.652847 0.688924 0.722979 0.755104 0.785398 0.813962 0.840897 0.866302 0.890275 0.912908 0.934288 0.954499 
-0.946773 -0.927295 -0.906750 -0.885067 -0.862170 -0.837981 -0.812419 -0.785398 -0.756835 -0.726642 -0.694738 -0.661043 -0.625485 -0.588003 -0.548549 -0.507099 -0.463648 -0.418224 -0.370891 -0.321751 -0.270947 -0.218669 -0.165149 -0.110657 -0.055499 0.000000 0.055499 0.110657 0.165149 0.218669 0.270947 0.321751 0.370891 0.418224 0.463648 0.507099 0.548549 0.588003 0.625485 0.661043 0.694738 0.726642 0.756835 0.785398 0.812419 0.837981 0.862170 0.885067 0.906750 0.927295 
-0.920926 -0.901157 -0.880350 -0.858439 -0.835357 -0.811034 -0.785398 -0.758378 -0.729900 -0.699893 -0.668289 -0.635027 -0.600050 -0.563316 -0.524796 -0.484478 -0.442374 -0.398522 -0.352990 -0.305879 -0.257324 -0.207496 -0.156602 -0.104877 -0.052583 0.000000 0.052583 0.104877 0.156602 0.207496 0.257324 0.305879 0.352990 0.398522 0.442374 0.484478 0.524796 0.563316 0.600050 0.635027 0.668289 0.699893 0.729900 0.758378 0.785398 0.811034 0.835357 0.858439 0.880350 0.901157 
-0.896055 -0.876058 -0.855053 -0.832981 -0.809784 -0.785398 -0.759763 -0.732815 -0.704494 -0.674741 -0.643501 -0.610726 -0.576375 -0.540420 -0.502843 -0.463648 -0.422854 -0.380506 -0.336675 -0.291457 -0.244979 -0.197396 -0.148890 -0.099669 -0.049958 0.000000 0.049958 0.099669 0.148890 0.197396 0.244979 0.291457 0.336675 0.380506 0.422854 0.463648 0.502843 0.540420 0.576375 0.610726 0.643501 0.674741 0.704494 0.732815 0.759763 0.785398 0.809784 0.832981 0.855053 0.876058 
-0.872137 -0.851966 -0.830821 -0.808650 -0.785398 -0.761013 -0.735440 -0.708626 -0.680521 -0.651077 -0.620249 -0.588003 -0.554307 -0.519146 -0.482513 -0.444419 -0.404892 -0.363979 -0.321751 -0.278300 -0.233743 -0.188222 -0.141897 -0.094952 -0.047583 0.000000 0.047583 0.094952 0.141897 0.188222 0.233743 0.278300 0.321751 0.363979 0.404892 0.444419 0.482513 0.519146 0.554307 0.588003 0.620249 0.651077 0.680521 0.708626 0.735440 0.761013 0.785398 0.808650 0.830821 0.851966 
-0.849141 -0.828849 -0.807617 -0.785398 -0.762147 -0.737815 -0.712358 -0.685730 -0.657889 -0.628796 -0.598419 -0.566729 -0.533708 -0.499347 -0.463648 -0.426627 -0.388319 -0.348771 -0.308053 -0.266252 -0.223477 -0.179853 -0.135528 -0.090660 -0.045423 0.000000 0.045423 0.090660 0.135528 0.179853 0.223477 0.266252 0.308053 0.348771 0.388319 0.426627 0.463648 0.499347 0.533708 0.566729 0.598419 0.628796 0.657889 0.685730 0.712358 0.737815 0.762147 0.785398 0.807617 0.828849 
-0.827041 -0.806672 -0.785398 -0.763180 -0.739975 -0.715744 -0.690446 -0.664046 -0.636508 -0.607802 -0.577902 -0.546789 -0.514451 -0.480887 -0.446106 -0.410127 -0.372988 -0.334737 -0.295441 -0.255182 -0.214061 -0.172191 -0.129703 -0.086738 -0.043451 0.000000 0.043451 0.086738 0.129703 0.172191 0.214061 0.255182 0.295441 0.334737 0.372988 0.410127 0.446106 0.480887 0.514451 0.546789 0.577902 0.607802 0.636508 0.664046 0.690446 0.715744 0.739975 0.763180 0.785398 0.806672 
-0.805803 -0.785398 -0.764125 -0.741947 -0.718830 -0.694738 -0.669639 -0.643501 -0.616297 -0.588003 -0.558599 -0.528074 -0.496423 -0.463648 -0.429762 -0.394791 -0.358771 -0.321751 -0.283794 -0.244979 -0.205395 -0.165149 -0.124355 -0.083141 -0.041643 0.000000 0.041643 0.083141 0.124355 0.165149 0.205395 0.244979 0.283794 0.321751 0.358771 0.394791 0.429762 0.463648 0.496423 0.528074 0.558599 0.588003 0.616297 0.643501 0.669639 0.694738 0.718830 0.741947 0.764125 0.785398 
